k,current_theta,current_thetadot,force,reward
0,-1.5707963267948966,0.0,3,-21.337005501361695
1,-1.5715469530004629,-0.1501252411132544,3,-21.351052886227126
2,-1.5730422031653726,-0.29905003298194066,3,-21.381251956919495
3,-1.5752761172233447,-0.44678281159442584,3,-21.427435715544906
4,-1.5782427671226895,-0.5933299798689642,3,-21.489455206376547
5,-1.5819362420183196,-0.7386949791260029,3,-21.567178396273814
6,-1.5863506289875022,-0.882877393836532,3,-21.66048883969998
7,-1.5914799894342593,-1.0258720893514215,0,-12.769284138219374
8,-1.5995338177072063,-1.610765654589418,0,-13.051998769345438
9,-1.6104881418472479,-2.190864828008302,0,-13.448349144613392
10,-1.6243186603226845,-2.7661036950873026,0,-13.957188516559965
11,-1.6410004661205386,-3.3363611595708242,0,-14.577543227748402
12,-1.6605077036008817,-3.9014474960686085,0,-15.308558425047371
13,-1.6828131614498731,-4.461091569798263,0,-16.149434481157098
14,-1.7078878055490954,-5.014928819844453,0,-17.09935488852717
15,-1.7357002562438233,-5.562490138945587,0,-18.15740655221106
16,-1.7662162153553838,-6.1031918223121115,0,-19.32249363891522
17,-1.7993978493486855,-6.636326798660346,0,-20.593246439065126
18,-1.8352031363309418,-7.161057396451267,0,-21.967927061521568
19,-1.8735851860047206,-7.67640993475577,0,-23.444334194723425
20,-1.9144915432961065,-8.181271458277191,0,-25.019709614163638
21,-1.9578634880785273,-8.674388956484174,0,-26.690649566592548
22,-2.0036353451478495,-9.154371413864466,0,-28.4530245799266
23,-2.051733820288795,-9.619695028189156,0,-30.301911590120987
24,-2.1020773798022554,-10.068711902692035,0,-32.2315424913228
25,-2.154575692117331,-10.49966246301513,0,-34.23527324903927
26,-2.2091291509590842,-10.910691768350688,0,-36.30557751448157
27,-2.2656284998466165,-11.299869777506466,-3,-47.43406819544656
28,-2.326170063684404,-12.108312767557504,-3,-50.71645963360713
29,-2.390602447201215,-12.886476703362224,-3,-54.18102848545192
30,-2.4587591322607136,-13.631337011899694,-3,-57.808817225575936
31,-2.5304579755283108,-14.339768653519405,-3,-61.57898433321996
32,-2.6055010050553706,-15.008605905411967,-3,-65.46900255911942
33,-2.683674567036313,-15.634712396188466,-3,-69.45496907994064
34,-2.764749865615425,-16.215059715822413,-3,-73.51202525587124
35,-2.848483926678672,-16.746812212649445,-3,-77.61487533130818
36,-2.9346210012767893,-17.227414919623435,-3,-81.73838458696034
37,-3.0228944062621617,-17.65468099707449,-3,-85.85822906790165
38,-3.113028779817293,-18.026874711026213,-3,-89.95156210455737
39,3.0784425981231562,-18.342785847827383,0,-81.0298234156219
40,2.9876491262775264,-18.158694369125932,0,-77.60405462786693
41,2.898036379326109,-17.922549390283447,-3,-83.11485194420288
42,2.807639912564275,-18.07929335236683,-3,-81.10029420521317
43,2.7167229299731352,-18.18339651822787,-3,-78.96650828511923
44,2.62553999876519,-18.236586241589016,-3,-76.72460920027095
45,2.5343342377547358,-18.241152202090806,-3,-74.38821350926362
46,2.4433347169092023,-18.199904169106656,-3,-71.97307387073545
47,2.3527541367750158,-18.11611602683734,-3,-69.49662613034302
48,2.262786842150667,-17.993458924869678,-3,-66.97747787314816
49,2.173607207948641,-17.83592684040521,-3,-64.43487009786014
50,2.08536841789873,-17.647758009982205,-3,-61.88814346973638
51,1.998201639810878,-17.433355617570424,-3,-59.35623777558183
52,1.912215585594387,-17.197210843298198,-3,-56.85724830783573
53,1.827496430942945,-16.94383093028844,0,-45.40805668496593
54,1.7463235454401358,-16.234577100561808,3,-50.60437899020161
55,1.6709356772669544,-15.077573634636298,0,-36.69345285860584
56,1.5991018036408284,-14.366774725225202,0,-33.42605449257372
57,1.5308071810012245,-13.658924527920767,0,-30.373475052968136
58,1.4660223291689112,-12.95697036646266,0,-27.534415455848347
59,1.4047052925953285,-12.263407314716531,0,-24.90510069189093
60,1.3468037929123293,-11.580299936599836,-3,-31.479736945176597
61,1.2900417555276527,-11.352407476935335,-3,-30.20875420726207
62,1.2343680352013466,-11.134744065261199,-3,-29.016574771521114
63,1.1797237829460816,-10.928850451053016,-3,-27.902718238391238
64,1.1260431096643169,-10.736134656352924,-3,-26.866324160046656
65,1.0732536978695564,-10.557882358952106,-3,-25.906255490500595
66,1.0212773571562292,-10.39526814266544,-3,-25.021197176991564
67,0.9700305207669475,-10.249367277856349,-3,-24.209749015736225
68,0.9194246820489217,-10.121167743605156,0,-14.470512379223155
69,0.8715822571656133,-9.568484976661672,0,-12.95386862988954
70,0.8263924513855226,-9.037961156018147,0,-11.583096604304155
71,0.7837454992273751,-8.529390431629498,0,-10.34633515131312
72,0.7435334074239377,-8.042418360687487,0,-9.232258948609577
73,0.7056505604039314,-7.576569404001276,0,-8.230153960356738
74,0.6699942050332119,-7.131271074143892,0,-7.329963887182567
75,0.6364648304099462,-6.705874924653157,0,-6.5223132522530065
76,0.6049664573273298,-6.299674616523272,0,-5.798512099862663
77,0.5754068507121853,-5.911921323028894,0,-5.150546592200946
78,0.5476976670007895,-5.541836742279175,0,-4.571059119998084
79,0.5217545470833609,-5.188623983485714,0,-4.053320921211131
80,0.4974971641759332,-4.8514765814855405,0,-3.59119964388574
81,0.474849234788453,-4.529585877496042,0,-3.179123801057056
82,0.4537384998654802,-4.222146984594557,0,-2.8120456472529733
83,0.4340966821873257,-3.9283635356309015,0,-2.485403654237672
84,0.4158594252355765,-3.6474513903498376,0,-2.1950854722828166
85,0.39896621794452103,-3.378641458211101,0,-1.9373920256190589
86,0.38336030907323715,-3.1211817742567707,0,-1.7090031996589041
87,0.3689886143347825,-2.874338947690926,0,-1.5069454261648123
88,0.3558016189010113,-2.63739908675424,0,-1.3285613543441124
89,0.3437532774558183,-2.4096682890386063,0,-1.1714817051279085
90,0.3328009135880029,-2.190472773563082,0,-1.0335993375971608
91,0.3229051199897839,-1.9791587196438087,-3,-9.913045506332296
92,0.3118141742912543,-2.2181891397059155,0,-0.9781767023956105
93,0.30172186429332787,-2.0184619995852873,0,-0.8625993013401905
94,0.2925916684181025,-1.8260391750450735,0,-0.7614913290183736
95,0.2843900001579453,-1.6403336520314475,-3,-9.673457809947863
96,0.2748706277105962,-1.9038744894698125,0,-0.74024311705548
97,0.26623243406118663,-1.7276387298819145,0,-0.6528721028295199
98,0.2584436842561988,-1.5577499609975705,0,-0.5766241837583821
99,0.2514752749816485,-1.393681854910054,0,-0.5104339809060315
100,0.24530064655963219,-1.2349256844032677,-3,-9.453366180612756
101,0.23768021365127248,-1.5240865816719424,0,-0.5147434106498193
102,0.23081907499312884,-1.3722277316287268,0,-0.45468812164851025
103,0.22469136480915117,-1.225542036795537,0,-0.4026263754942906
104,0.21927351310663634,-1.0835703405029633,0,-0.3578168360324019
105,0.214544168792543,-0.945868862818664,-3,-9.319612792379402
106,0.20826864170176054,-1.2551054181564938,0,-0.37440809665006025
107,0.20265658075899495,-1.122412188553116,0,-0.33132936072589475
108,0.19768638555337859,-0.9940390411232721,0,-0.2942108966935227
109,0.19333847645711544,-0.869581819252627,0,-0.2625160864312638
110,0.18959522748594476,-0.7486497942341366,0,-0.2357794028679172
111,0.18644090425927135,-0.6308646453346827,-3,-9.2136000739784
112,0.1816461206468283,-0.9589567224886084,0,-0.2569363652908199
113,0.17742549715407446,-0.8441246985507712,0,-0.22865368587219548
114,0.1737621256370073,-0.7326743034134354,0,-0.20464754501769183
115,0.17064085187167247,-0.6242547530669686,0,-0.18456090131012054
116,0.16804822055686058,-0.5185262629623781,0,-0.16808797069980924
117,0.16597242505598064,-0.41515910017599034,-3,-9.15496993724071
118,0.16218777542679133,-0.7569299258378619,0,-0.1888186637523476
119,0.1589123457504842,-0.6550859352614248,0,-0.16917942641734074
120,0.15613247436369815,-0.5559742773572118,0,-0.1527974874629417
121,0.15383605585396573,-0.4592837019464814,0,-0.13942181229088876
122,0.1520124951241113,-0.36471214597088714,0,-0.1288404883111588
123,0.15065266581595885,-0.2719658616304894,-3,-9.120877671576517
124,0.14753338663278007,-0.6238558366357556,0,-0.1477501113471367
125,0.14487506160917604,-0.531665004720805,0,-0.13321068510579015
126,0.14266620455548165,-0.4417714107388779,0,-0.1212844275459545
127,0.14089673776110406,-0.35389335887552,0,-0.1117835045042264
128,0.13955795243740238,-0.26775706474033584,0,-0.10455149501443736
129,0.13864247318816658,-0.1830958498471579,-3,-9.099461085881783
130,0.13592874004791042,-0.5427466280512354,0,-0.12184050208116064
131,0.13363864328430833,-0.4580193527204197,0,-0.11027460764099625
132,0.13176206476103575,-0.375315704654519,0,-0.10089239636648871
133,0.13029018110884244,-0.2943767304386599,0,-0.09354342240925036
134,0.12921542835881877,-0.2149505500047323,0,-0.08810350852449882
135,0.12853147032764545,-0.1367916062346645,0,-0.08447288867655796
136,0.12823317065821108,-0.059659933886876265,-3,-9.082574661056428
137,0.12610108206402532,-0.42641771883715385,0,-0.09769062158241845
138,0.1243590794757587,-0.3484005176533231,0,-0.08946419531040069
139,0.12299891756341105,-0.27203238246952816,0,-0.08304383032005871
140,0.12201353985608517,-0.19707554146517844,0,-0.07832039644544174
141,0.12139704904054743,-0.12329816310754736,0,-0.07520646128133492
142,0.12114468073517058,-0.050473661075370393,0,-0.07363492739836718
143,0.12125278065053444,0.021619983072770313,-3,-9.07355792644424
144,0.1195032986937969,-0.3498963913475064,0,-0.08364794046129492
145,0.11812142136584132,-0.27637546559111653,0,-0.07740169072550382
146,0.11710013968492483,-0.20425633618329825,0,-0.07273427865824698
147,0.11643356230503503,-0.13331547597796123,0,-0.0695611737687254
148,0.11611688961233343,-0.06333453854031976,0,-0.06781678664342568
149,0.11614639110255956,0.005900298045226182,0,-0.06745340218244587
150,0.11651938595738942,0.0745989709659712,-3,-9.068440337166354
151,0.11501874038386649,-0.3001291147045876,0,-0.07515430174679234
152,0.11387049959293032,-0.2296481581872345,0,-0.07010628104359662
153,0.11306846250434174,-0.1604074177177142,0,-0.0664954400313652
154,0.11260749751454116,-0.09219299796011725,0,-0.06425219736972439
155,0.11248351910315837,-0.02479568227655693,0,-0.06332419293510896
156,0.11269346758588715,0.04198969654575496,0,-0.06367540164425745
157,0.11323529193673552,0.10836487016967496,-3,-9.065285451208677
158,0.11189244924888471,-0.268568537570164,0,-0.06981250693182886
159,0.11089153636687997,-0.20018257640094755,0,-0.06549197057848744
160,0.11022686907136037,-0.13293345910391913,0,-0.06251694378130744
161,0.10989379956860498,-0.06661390055107692,0,-0.060826977092786505
162,0.10988869472200075,-0.0010209693208465265,0,-0.060377730376360794
163,0.11020891733657734,0.06404452291531931,0,-0.061140197394047774
164,0.11085281042312582,0.12877861730969734,-3,-9.063100121121147
165,0.10960419801466753,-0.24972248169165737,0,-0.06630153289841627
166,0.10869001639305297,-0.1828363243229121,0,-0.06241051046680192
167,0.10810489628552031,-0.11702402150653167,0,-0.05980280516547163
168,0.10784448143191114,-0.052082970721832975,0,-0.05842342446051027
169,0.10790540782556206,0.012185278730185212,0,-0.05823273329177758
170,0.108285285941306,0.07597562314878753,0,-0.059205745288236675
171,0.10898268587942053,0.13947998762290723,-3,-9.06133159580219
172,0.10778163900061725,-0.24020937576065585,0,-0.06385446294862929
173,0.10690926859975602,-0.1744740801722463,0,-0.06019207902786904
174,0.10636037418610769,-0.10977888272966514,0,-0.05776778629438157
175,0.10613075066783448,-0.04592470365464213,0,-0.05652958902716691
176,0.10621716815987658,0.017283498408422443,0,-0.05644030599124089
177,0.10661735473008321,0.08003731404132637,0,-0.05747689881209698
178,0.10732998201384657,0.14252545675267142,-3,-9.05962997577772
179,0.10613916727375852,-0.23816294801760907,0,-0.0619997731286783
180,0.10527210328925188,-0.17341279690132744,0,-0.05841827846762868
181,0.1047236441521887,-0.10969182741263758,0,-0.05603843792268361
182,0.10448962471897902,-0.04680388664193459,0,-0.054809468750044464
183,0.1045668406459617,0.015443185396536649,0,-0.054694970010908915
184,0.1049530313235939,0.07723813552644243,0,-0.055672266878016526
185,0.10564686564043024,0.13876686336726896,-3,-9.057731925335114
186,0.10443244415414142,-0.24288429725776317,0,-0.060429955145479074
187,0.10353692786426227,-0.1791032579758305,0,-0.056807274859602935
188,0.10295512520382336,-0.11636053208778492,0,-0.05435276637144996
189,0.10268281146534643,-0.05446274769538438,0,-0.053015417940792516
190,0.10271670877387336,0.006779461705386715,0,-0.05275820741678504
191,0.10305446892269285,0.06755202976389857,0,-0.0535574454972136
192,0.10369465900287672,0.1280380160367744,0,-0.05540228488367774
193,0.10463674976389964,0.1884181522045838,-3,-9.058294387013783
194,0.10366562028878232,-0.194225895023465,0,-0.05750517397905659
195,0.10300918865556985,-0.13128632664249285,0,-0.05477807469372183
196,0.10266300212698629,-0.06923730571671208,0,-0.0531778404789189
197,0.10262355882622815,-0.007888660151627994,0,-0.05266419722670033
198,0.1028882899007062,0.052946214895609627,0,-0.05321033116063601
199,0.10345554449416272,0.11345091869130403,0,-0.054802359528108496
200,0.10432457746299667,0.17380659376679122,-3,-9.057438960517846
201,0.10328005341882812,-0.20890480883371024,0,-0.05769796908636485
202,0.10254967650325589,-0.14607538311444784,0,-0.054715982509815436
203,0.10212878012784862,-0.08417927508145272,0,-0.05286005368733613
204,0.10201364803801288,-0.023026417967148938,0,-0.05208694352255764
205,0.10220149586816989,0.0375695660314003,0,-0.05236687601763651
206,0.10269045550743588,0.09779192785320043,0,-0.053682974376947905
207,0.10347956221042393,0.15782134059760833,-3,-9.056030856531107
208,0.1023532580340137,-0.22526083528204444,0,-0.05745519154208338
209,0.10153902037310615,-0.16284753218150944,0,-0.054202795165411106
210,0.10103195161068125,-0.10141375248497891,0,-0.05206575115062365
211,0.10082809955342983,-0.04077041145028238,0,-0.050997750942764326
212,0.10092443835052155,0.019267759418342925,0,-0.050965835937141435
213,0.10131885221349067,0.07888277259382592,0,-0.05194979825050474
214,0.10201012187066197,0.13825393143425968,0,-0.05394173977603943
215,0.10299791369567589,0.19755836500278295,-3,-9.056945781886567
216,0.10206728509580018,-0.18612571997514266,0,-0.05555293179776329
217,0.10144631474393687,-0.12419407037266245,0,-0.0529991905872025
218,0.10113069451842534,-0.06312404510230496,0,-0.051535551375903106
219,0.10111705171533072,-0.002728560618923827,0,-0.051124035242309455
220,0.10140293170380556,0.05717599769496776,0,-0.051739682261874774
221,0.10198678334630298,0.11677032849948546,0,-0.05337005084841649
222,0.10286794712081573,0.1762327549025503,-3,-9.056014871114309
223,0.101831159528498,-0.20735751846354755,0,-0.056147639300928094
224,0.10110418220869295,-0.14539546396100944,0,-0.05322426239448664
225,0.10068239295891294,-0.08435784995600096,0,-0.05139634594458473
226,0.10056210702572964,-0.024057186636661614,0,-0.050621561670158625
227,0.10074055885126783,0.035690365107638615,0,-0.05087068120448044
228,0.10121588659515365,0.09506554877716444,0,-0.05212702435264537
229,0.10198711936719057,0.1542465544073846,-3,-9.054386062538743
230,0.10083868075226268,-0.22968772298557888,0,-0.05611784268831376
231,0.0999980163807317,-0.16813287430619428,0,-0.05282488274265168
232,0.09946018459075424,-0.10756635799549258,0,-0.05061869373137599
233,0.0992211768306787,-0.04780155201510807,0,-0.04945270849582937
234,0.0992778985122787,0.011344336319998892,0,-0.04929337506172567
235,0.09962815263289417,0.07005082412309335,0,-0.050119555781248736
236,0.10027062609999571,0.12849469342030784,0,-0.051922080916143594
237,0.10120487869782992,0.18685051956684243,-3,-9.054703449027452
238,0.10021584828194008,-0.19780608317796686,0,-0.05412880588856503
239,0.09953147954374497,-0.13687374763902266,0,-0.051406019380109705
240,0.09914731685144496,-0.07683253846000321,0,-0.04974127609082489
241,0.0990598261439937,-0.01749814149025114,0,-0.049094864273952564
242,0.09926637723401673,0.041310218004606006,0,-0.04943972165698938
243,0.09976522884101857,0.09977032140036972,0,-0.050760916131737326
244,0.10055551629162929,0.15805749012214398,0,-0.053055276301751775
245,0.10163724182972309,0.2163451076187595,-3,-9.056331165192825
246,0.10079578112529526,-0.16829214088556474,0,-0.05363117193167682
247,0.10025951371384703,-0.1072534822896465,0,-0.05141018139701095
248,0.10002441691339088,-0.04701936009123035,0,-0.05024550191665805
249,0.10008738897309546,0.012594411940917288,0,-0.05010328907847231
250,0.10044623261927475,0.071768729235859,0,-0.050962303286640274
251,0.1010996413226887,0.13068174068278862,0,-0.05281345911266988
252,0.10204718822649018,0.18950938076029608,-3,-9.055659523664279
253,0.1010738313202926,-0.19467138123951613,0,-0.05486929155618491
254,0.10040754277492751,-0.1332577090730176,0,-0.05218413493323339
255,0.10004390124890043,-0.07272830520541668,0,-0.05057285152330393
256,0.09997941382831639,-0.012897484116808446,0,-0.04999605045692305
257,0.10021149839355098,0.046416913046918334,0,-0.05042717503308387
258,0.1007384687339971,0.10539406808922398,0,-0.051851986373192153
259,0.10155952234762462,0.1642107227255049,-3,-9.054268199043191
260,0.10045924450828951,-0.2200555678670214,0,-0.055302744330809214
261,0.0996652361021761,-0.15880168122268207,0,-0.05218759383242757
262,0.09917270510446291,-0.09850619954263973,0,-0.05014647432351725
263,0.09897778745294364,-0.03898353030385302,0,-0.04913498360889557
264,0.0990775283553247,0.019948180476210886,0,-0.049121576115432
265,0.0994698663493182,0.07846759879870027,0,-0.05008698796387951
266,0.10015362005008463,0.13675074015328476,0,-0.05202381453893069
267,0.10112847752570375,0.1949714951238249,-3,-9.054936233224415
268,0.10017950188746502,-0.18979512764774525,0,-0.053781882039985435
269,0.09953476041397154,-0.128948294698697,0,-0.05119860892390378
270,0.09918991784152306,-0.06896851448969427,0,-0.049668864606132
271,0.09914155861999904,-0.009671844304802613,0,-0.04915459768523917
272,0.09938716956994902,0.04912218998999518,0,-0.04963034633057032
273,0.09992512526301793,0.1075911386137833,0,-0.05108273860497015
274,0.10075467606323231,0.165910160042877,-3,-9.05351014186358
275,0.09966045241285952,-0.21884473007455663,0,-0.05445033046381974
276,0.09887009233484413,-0.15807201560307854,0,-0.05137515200318501
277,0.09837883362104155,-0.09825174276051482,0,-0.04935731501873072
278,0.09818283484685889,-0.03919975483653314,0,-0.048353007370752266
279,0.09827915679946628,0.019264390521478214,0,-0.0483310749802868
280,0.09866574663908916,0.07731796792457507,0,-0.049272454615643224
281,0.09934142472832291,0.13513561784675285,0,-0.0511697568563476
282,0.10030587407053146,0.19288986844170836,-3,-9.054026992000013
283,0.09934414594449738,-0.19234562520681492,0,-0.05304598062082803
284,0.09868428850191123,-0.13197148851723023,0,-0.050434591363787584
285,0.09832194059950512,-0.0724695804812217,0,-0.04886120402577549
286,0.09825365403270166,-0.01365731336069443,0,-0.048287554874712375
287,0.09847687615266865,0.04464442399339851,0,-0.04868778814331043
288,0.09898993518896856,0.10261180725998253,0,-0.05004795464249697
289,0.09979202821539013,0.16041860528431182,0,-0.05236565736884248
290,0.10088321170261683,0.21823669744533875,-3,-9.05564983762836
291,0.10004890824742237,-0.16686069103889162,0,-0.05283316922890334
292,0.09951753671347484,-0.10627430678950678,0,-0.05064812339594808
293,0.09928510683001072,-0.046485976692823755,0,-0.04950375679414179
294,0.09934854248708049,0.012687131413953272,0,-0.04936676080188767
295,0.0997056654090352,0.07142458439094079,0,-0.05021624569883425
296,0.10035518153065065,0.12990322432309104,0,-0.052043297069202764
297,0.10129667001564864,0.1882976969995989,-3,-9.054850679050832
298,0.10031508850350832,-0.1963163024280656,0,-0.05416959396723631
299,0.09963840199284228,-0.1353373021332065,0,-0.051470674293305665
300,0.09926217567981994,-0.07524526260446704,0,-0.04983108255789871
301,0.09918289690781737,-0.01585575440051376,0,-0.04921137568989458
302,0.09939795752711027,0.04301212385857949,0,-0.04958477408268866
303,0.09990563898605909,0.1015362917897637,0,-0.05093664536110545
304,0.10070510009064289,0.15989222091676117,0,-0.053264138152301445
305,0.10179636737527778,0.21825345692697856,-3,-9.056575959200071
306,0.10096484167390528,-0.16630514027450027,0,-0.053735236239355916
307,0.10043892873630271,-0.10518258752051478,0,-0.05154622970023155
308,0.10021463311150515,-0.04485912495951081,0,-0.050416097557581224
309,0.10028888136650647,0.014849651000263808,0,-0.05031134984220901
310,0.10065950570461324,0.07412486762135277,0,-0.051211130043473635
311,0.10132523030754437,0.13314492058622435,0,-0.053106768472175735
312,0.10228566034073373,0.19208600663787406,-3,-9.056001484951308
313,0.10132578720742826,-0.19197462666109594,0,-0.05502000149419188
314,0.10067361813535781,-0.13043381441408908,0,-0.05237718493658013
315,0.10032476841853853,-0.0697699433638555,0,-0.05081208029086649
316,0.10027578344995611,-0.009796993716485833,0,-0.05028576184110055
317,0.10052412118468967,0.049667546946713756,0,-0.05077218122174128
318,0.10106813735497204,0.10880323405647378,0,-0.05225765631613225
319,0.10190707337408553,0.16778720382269693,-3,-9.05474051259502
320,0.10082556051218705,-0.2163025723796955,0,-0.0555076485447908
321,0.10005124809010658,-0.15486248441609218,0,-0.052449500129892725
322,0.09957939485417751,-0.09437064718581611,0,-0.05047086130264795
323,0.09940618997755447,-0.034640975324608,0,-0.04952795274641227
324,0.0995287345007723,0.024508904643567135,0,-0.04958991359730887
325,0.09994502553089754,0.08325820602504823,0,-0.05063823352890975
326,0.10065394313405587,0.14178352063166708,0,-0.052666338014439804
327,0.10165523986223819,0.20025934563646414,-3,-9.05567931950872
328,0.10073404650139157,-0.18423867216932466,0,-0.05413112945499419
329,0.10011850172947029,-0.12310895438425859,0,-0.05163415340772828
330,0.09980434524733917,-0.06283129642622592,0,-0.05019931383231039
331,0.09978824022191193,-0.003221005085447634,0,-0.049789501920306053
332,0.10006775613896389,0.05590318341039076,0,-0.0503802956849773
333,0.10064135438807519,0.11471964982225787,0,-0.051959470870864846
334,0.10150837651755296,0.17340442589555394,-3,-9.054526662008163
335,0.10045354874335677,-0.21096555483923646,0,-0.05490522380853246
336,0.09970461021067363,-0.14978770653662773,0,-0.05194868218926211
337,0.09925690495175225,-0.08954105178427613,0,-0.05006142589846935
338,0.09910670316607564,-0.030040357135320564,0,-0.0492009353679249
339,0.09925118292637564,0.028895952059998342,0,-0.04933748416596977
340,0.0996884146304812,0.08744634082111227,0,-0.0504535863099939
341,0.10041734813441797,0.14578670078735267,0,-0.05254359524439058
342,0.10143780250828456,0.2040908747733187,-3,-9.055613447405122
343,0.10053497200252068,-0.18056610115277724,0,-0.053796814666289584
344,0.09993705578096397,-0.11958324431134115,0,-0.05136709082284011
345,0.09963985140640778,-0.05944087491123877,0,-0.049993821702476474
346,0.09964007746971361,4.521266116618711e-05,0,-0.04964072539527112
347,0.09993535662067447,0.05905583019217176,0,-0.05028413662247559
348,0.10052420132351358,0.11776894056782303,0,-0.05191252759489819
349,0.10140600227528937,0.17636019035515613,-3,-9.05452617816149
350,0.1003655330716447,-0.20809384072893392,0,-0.05469650579870892
351,0.09963057856033426,-0.14699090226208653,0,-0.051791893456116914
352,0.09919652702119712,-0.08681030782742724,0,-0.049953357819844724
353,0.09905969158419416,-0.027367087400592384,0,-0.0491390082310575
354,0.0992172920687454,0.03152009691024772,0,-0.049319706878196784
355,0.09966743956466576,0.09002949918407294,0,-0.050478523619214996
356,0.10040912369041968,0.14833682515078447,0,-0.05261034197097143
357,0.10144220247051773,0.20661575601960855,-3,-9.055721609273903
358,0.10055190841995987,-0.17805881011157357,0,-0.05372392542031493
359,0.09996647840369659,-0.11708600325265583,0,-0.051337397237951776
360,0.09968174723989977,-0.05694623275936304,0,-0.05000654100654468
361,0.09969447043922233,0.002544639864511991,0,-0.04969558469998888
362,0.10000230734404612,0.06156738096475719,0,-0.050381361610551255
363,0.10060380699083793,0.12029992935836059,0,-0.05205283720561151
364,0.10149839663411586,0.1789179286555866,-3,-9.054710785115923
365,0.10047088651669009,-0.2055020234851534,0,-0.05469510335289735
366,0.09974909839699754,-0.14435762393851093,0,-0.05183332551398674
367,0.09932845777926785,-0.08412812354593699,0,-0.05003846674117503
368,0.0992053154358104,-0.024628468691489755,0,-0.04926912920060198
369,0.0993769293509106,0.03432278302003904,0,-0.049496675779503445
370,0.09984144940684556,0.09290401118699093,0,-0.05070469062776176
371,0.10059790474794822,0.15129106822053282,0,-0.0528885909307173
372,0.10164619376474719,0.20965780335979425,-3,-9.056055382985267
373,0.10077159028628432,-0.17492069569257387,0,-0.05383429202229117
374,0.1002023736954324,-0.11384331817038343,0,-0.05149860858019974
375,0.09993442251792425,-0.053590235501629356,0,-0.05022163535406704
376,0.09996453727756625,0.006022951928399113,0,-0.049968171160582844
377,0.1002904237539713,0.0651772952810105,0,-0.05071565346577046
378,0.10091067896614962,0.12405104243566459,0,-0.052453691759984065
379,0.1018247798206737,0.18282017090481487,-3,-9.05518375041661
380,0.10081758800928897,-0.20143836227694537,0,-0.05487867163973543
381,0.10011697889841067,-0.14012182217565938,0,-0.05208045982370675
382,0.09971843368990584,-0.07970904170096846,0,-0.05035418322072941
383,0.09961836108693886,-0.02001452059339595,0,-0.049659147431697026
384,0.09981407938623627,0.03914365985948134,0,-0.04996747482932885
385,0.1003038013175461,0.0979443862619663,0,-0.05126357307377214
386,0.10108662156648253,0.15656404978728616,0,-0.053543755467205835
387,0.10216250692303742,0.21517707131097785,-3,-9.056816006305795
388,0.10131680264410514,-0.16914085578645516,0,-0.054186335399740194
389,0.10077786311042677,-0.10778790673567418,0,-0.05194271174936543
390,0.100541645273718,-0.04724356734175381,0,-0.050766307637248195
391,0.10060503170979897,0.012677287216193094,0,-0.05062293338776447
392,0.10096581408224164,0.0721564744885347,0,-0.05149113374751038
393,0.10162267934021825,0.1313730515953218,0,-0.053361732649970815
394,0.10257519858960411,0.19050384987717106,-3,-9.056237528510286
395,0.10160833222253085,-0.19337327341465088,0,-0.05536058817233074
396,0.10095005957889727,-0.13165452872671476,0,-0.052687864138339875
397,0.10059597088316716,-0.07081773914602393,0,-0.05109926200741051
398,0.10054258918363083,-0.010676339907263785,0,-0.05055545962212334
399,0.10078735273003706,0.04895270928124497,0,-0.05103008912624195
400,0.10132860011085372,0.1082494761633318,0,-0.052509220911090095
401,0.10216555808682212,0.16739159519367933,-3,-9.054991000910107
402,0.10108284570366688,-0.2165424766310474,0,-0.0557777728963074
403,0.10030810260203697,-0.15494862032598156,0,-0.0527094847321964
404,0.09983658016952131,-0.09430448650313186,0,-0.05072604731718821
405,0.09966446250324477,-0.03442353325530576,0,-0.04978352339448133
406,0.09978884781804026,0.02487706295909714,0,-0.04985095757040708
407,0.10020773261943652,0.08377696027925297,0,-0.05090980629100556
408,0.10091999857613394,0.1424531913394841,0,-0.05295352173531475
409,0.10192540203276051,0.201080691325314,-3,-9.055987282340086
410,0.10100907974980536,-0.18326445659103177,0,-0.05437275706447331
411,0.10039917874328917,-0.1219802013032371,0,-0.05188789241263247
412,0.1000914492424437,-0.06154590016909387,0,-0.05047028084002583
413,0.10008256714609359,-0.0017764192700232828,0,-0.05008291679930396
414,0.1003701168944374,0.05750994966876066,0,-0.05070154125810548
415,0.10095257707867449,0.11649203684741902,0,-0.05231415355901461
416,0.10182930872631563,0.17534632952822732,-3,-9.054920674106299
417,0.10078505984618967,-0.20884977602519017,0,-0.055149964335577374
418,0.10004759395300729,-0.14749317863647518,0,-0.052223029053358225
419,0.09961228186603278,-0.0870624173948997,0,-0.05037101994505419
420,0.09947542304755735,-0.027371763695086378,0,-0.049551720297230484
421,0.09963422737332733,0.031760865153995434,0,-0.04973577157693247
422,0.10008679965500542,0.09051445633561514,0,-0.05090612400647916
423,0.10083212685016626,0.14906543903217,0,-0.05305763953702547
424,0.1018700679014336,0.20758821025346796,-3,-9.056196840174838
425,0.10098585979245003,-0.17684162179671425,0,-0.05411801531007109
426,0.1004077476784552,-0.115622422798968,0,-0.051745433434691956
427,0.10013157819983359,-0.055233895724320484,0,-0.05043674308763546
428,0.10015412222789034,0.004508805611350537,0,-0.05015627392900009
429,0.10047305801992494,0.06378715840691969,0,-0.050881057097138964
430,0.10108695710667481,0.12277981734997526,0,-0.0526003528402829
431,0.10199527285058209,0.18166314878145423,-3,-9.055315328381843
432,0.10098284525949688,-0.20248551821704047,0,-0.055087713692279806
433,0.10027752990859098,-0.1410630701811794,0,-0.05226779399973583
434,0.09987478991131654,-0.08054799945488958,0,-0.050523666320766575
435,0.09977101752041811,-0.020754478179686564,0,-0.049814354521748996
436,0.09996351616019873,0.03849972795612342,0,-0.05011174572082111
437,0.100450485210656,0.09739381009145257,0,-0.0514000553196941
438,0.10123100747952084,0.15610445377296722,0,-0.053675444425369666
439,0.10230503930432523,0.2148063649608782,-3,-9.056945782778069
440,0.10145791687269293,-0.16942448632646104,0,-0.05433901013742985
441,0.10091798693598925,-0.10798598734073711,0,-0.05208829778225787
442,0.10068120012605436,-0.04735736198697597,0,-0.050907792267549594
443,0.10074443398007109,0.012646770803345732,0,-0.05076319897099975
444,0.10110547637956155,0.07220847989809223,0,-0.05163299322660971
445,0.1017630117271144,0.1315070695105685,0,-0.05350796371198986
446,0.1027166097998147,0.1907196145400621,-3,-9.056390906780868
447,0.10175123086449234,-0.19307578706447215,0,-0.05549439086725263
448,0.1010948554245683,-0.1312750879848078,0,-0.05282416383911373
449,0.10074307605511369,-0.07035587389092048,0,-0.05124083176432762
450,0.10069241933971675,-0.010131343079388837,0,-0.05070508097368605
451,0.10094032824886724,0.04958178183009979,0,-0.05119058464389009
452,0.10148514728109313,0.10896380644517853,0,-0.05268348670482805
453,0.10232611030348955,0.16819260447928397,-3,-9.055182039469361
454,0.10124784467447763,-0.21565312580238544,0,-0.05590625732296969
455,0.10047799967754147,-0.1539689993872319,0,-0.05284978737323066
456,0.10001183758483373,-0.09323241854154617,0,-0.050881066672186406
457,0.09984555464149998,-0.03325658866674847,0,-0.04995627397731872
458,0.09997626249875706,0.026141571451416913,0,-0.05004460349189684
459,0.10040197241499284,0.08514198324715519,0,-0.051127696055230806
460,0.10112158215958612,0.14392194891865612,0,-0.053199224630344065
461,0.10213486556026474,0.2026566801357231,-3,-9.05626462681543
462,0.10122697828092252,-0.181577455868444,0,-0.054531542907397465
463,0.10062608784859679,-0.1201780864651453,0,-0.05207232502520999
464,0.10032796652157934,-0.05962426540349101,0,-0.050684009634266315
465,0.10032931379714208,0.0002694551125483613,0,-0.050329863295632785
466,0.1006277393384047,0.059685108252525335,0,-0.05098594083650117
467,0.10122174864287055,0.11880186089317045,0,-0.05264060020677035
468,0.10211073139054626,0.17779654953514096,-3,-9.055294168628222
469,0.10107946605573188,-0.20625306696287377,0,-0.05533932505371844
470,0.1003557486994817,-0.14474347125003734,0,-0.052451448732118655
471,0.09993498466400404,-0.08415280709553313,0,-0.05064317529317941
472,0.09981350999491646,-0.02429493381751547,0,-0.04987270826844619
473,0.09998857330026756,0.03501266107022014,0,-0.050111162596636706
474,0.1004583203665472,0.09394941325592787,0,-0.05134201987945247
475,0.10122178146732813,0.15269222015618764,0,-0.053560736626720236
476,0.10227886130628319,0.21141596779101202,-3,-9.056774498494251
477,0.10141484518240014,-0.17280322477660964,0,-0.05441094956617049
478,0.10085802952319797,-0.11136313184043264,0,-0.05210188530984233
479,0.10060431505944428,-0.05074289275073739,0,-0.05086362515937092
480,0.1006505297039269,0.009242928896525428,0,-0.050661188821863976
481,0.10099441184625922,0.06877642846646331,0,-0.05147237583211938
482,0.10163459638701382,0.12803690815092042,0,-0.053287300898640734
483,0.10257060344985537,0.18720141256831008,-3,-9.056108080347094
484,0.10158734335649484,-0.19665201867210425,0,-0.05546714329593325
485,0.10091274612346915,-0.13491944660513966,0,-0.0527372373581224
486,0.1005423532441389,-0.07407857586604777,0,-0.05109258751958023
487,0.10047263948392422,-0.01394275204293599,0,-0.05049319645778612
488,0.100700995116217,0.0456711264585557,0,-0.05091203726618113
489,0.1012257109199242,0.10494316074144161,0,-0.052334529454860716
490,0.1020459658750065,0.16405099101645865,-3,-9.054758168522163
491,0.1009463311385809,-0.21992694728512152,0,-0.055787595065915394
492,0.10015439812792509,-0.1583866021311606,0,-0.05266314889530009
493,0.09966536960662582,-0.0978057042598549,0,-0.05062252507270329
494,0.09947538051096227,-0.03799781913271027,0,-0.04962114006488788
495,0.0995814792214728,0.02121974210210515,0,-0.049627382765171084
496,0.09998161159866926,0.08002647543929425,0,-0.05062203696645937
497,0.10067460771729891,0.13859922372592845,0,-0.0525978576769031
498,0.10166017123967955,0.19711270447612786,-3,-9.055559293908994
499,0.10072338501474724,-0.18735724498646175,0,-0.05423627516903675
500,0.10009234058401327,-0.12620888614679424,0,-0.051685251512171994
501,0.09976273115759975,-0.06592188528270565,0,-0.05019758213604023
502,0.09973117391925926,-0.006311447668096236,0,-0.0497355186937344
503,0.09999519274349973,0.052803764848095534,0,-0.0502740166172616
504,0.10055320364697486,0.1116021806950246,0,-0.05180023849193848
505,0.10140450291169718,0.17025985294446616,-3,-9.05431320780631
506,0.10033377146381374,-0.21414628957668802,0,-0.05492019181471029
507,0.09956870292656009,-0.1530137074507317,0,-0.051910952479169686
508,0.09910459550876957,-0.09282148355810414,0,-0.049970187035776895
509,0.09893767315605351,-0.03338447054321343,0,-0.04905476813501542
510,0.09906506712766228,0.025478794321753692,0,-0.04913435452105019
511,0.09948480031875617,0.0839466382187802,0,-0.05019083127913742
512,0.10019577426324325,0.14219478889741577,0,-0.05221790170001205
513,0.10119775875845527,0.20039689904240426,-3,-9.055220823603253
514,0.10027589769903003,-0.184372211885049,0,-0.053675589548270224
515,0.09965833850363373,-0.12351183907926014,0,-0.05118443960579833
516,0.09934082561144128,-0.06350257843848957,0,-0.0497462559126476
517,0.09932002296972622,-0.004160528343012185,0,-0.049324065813144025
518,0.09959349692029418,0.0546947901135909,0,-0.0498934751506202
519,0.10015970180737492,0.11324097741614877,0,-0.051442181227327785
520,0.10101796824497908,0.17165328752083236,-3,-9.05396963465339
521,0.09995300762790055,-0.21299212341570595,0,-0.05448958313302885
522,0.09919254005250003,-0.15209351508010271,0,-0.05150904374327625
523,0.09873188657478846,-0.09213069554231511,0,-0.04958873363919555
524,0.09856729045467867,-0.03291922402195592,0,-0.04868592126890572
525,0.09869589881584312,0.02572167223289016,0,-0.04877056265758134
526,0.09911574704114999,0.083969645061374,0,-0.04982474668679948
527,0.09982574583907679,0.14199975958535827,0,-0.051842290833869736
528,0.10082567092261047,0.1999850167067359,-3,-9.054828480275692
529,0.09990066888823636,-0.1850004068748229,0,-0.05332323327597018
530,0.09927888642977885,-0.12435649169150309,0,-0.050827940156266516
531,0.09895606410607284,-0.0645644647412002,0,-0.049378370127557754
532,0.0989288588417767,-0.005441052859229058,0,-0.04893755606430259
533,0.09919482681859541,0.053193595363743004,0,-0.04948102419662784
534,0.09975240907960907,0.11151645220273018,0,-0.050996307497116755
535,0.10060091978479194,0.16970214103657424,-3,-9.05348260697497
536,0.09952505070198289,-0.21517381656180826,0,-0.0541561557195388
537,0.09875249881639518,-0.15451037711754256,0,-0.051147625776111184
538,0.09827855882063151,-0.09478799915273572,0,-0.049191852097639543
539,0.09809944430811632,-0.03582290250303954,0,-0.048245832902180305
540,0.09821226937375029,0.022565013126794722,0,-0.04827916725945168
541,0.09861503294169857,0.08055271358965783,0,-0.049273497577127214
542,0.09930660575565135,0.13831456279055593,0,-0.051222101561536094
543,0.10028671997300792,0.19602284347131269,-3,-9.05412962653098
544,0.0993404749505323,-0.1892490044951238,0,-0.052924168387226224
545,0.09869596598601675,-0.12890179290311043,0,-0.050366035730928516
546,0.09834887831564096,-0.06941753407515797,0,-0.04884438873343134
547,0.09829580948647738,-0.01061376583271384,0,-0.04832159601552445
548,0.0985342521096519,0.04768852463490466,0,-0.04877241373222759
549,0.09906257931665101,0.10566544139982229,0,-0.05018349165496079
550,0.09988003285666139,0.16349070800207605,0,-0.0525530259775408
551,0.100986713778888,0.2213361844453237,-3,-9.055890552453777
552,0.10016808928982376,-0.1637248978128486,0,-0.052848814776253306
553,0.09965262309996005,-0.10309323797274157,0,-0.05071604802508389
554,0.09943637009034154,-0.04325060192370383,0,-0.04962501994039312
555,0.09951629973477816,0.01598592888732444,0,-0.049543024556750095
556,0.0998902799004178,0.07479603312792617,0,-0.050449784750086435
557,0.10055706335133341,0.1333566901831239,0,-0.052337015630880175
558,0.10151627689513693,0.19184270876070197,-3,-9.055208134863715
559,0.10055292675875803,-0.19267002727577787,0,-0.05426662933980568
560,0.09989502776032812,-0.1315797996859831,0,-0.05162640722472397
561,0.09953819614540914,-0.0713663229837957,0,-0.050048577665032457
562,0.09947897167343595,-0.011844894394639052,0,-0.04949435917834337
563,0.09971480011675773,0.04716568866435682,0,-0.04993766703034304
564,0.1002440184939916,0.10584367544677299,0,-0.051364604582326834
565,0.10106584297480442,0.16436489616256467,-3,-9.053773104990093
566,0.09996487303943298,-0.22019398707428844,0,-0.054813418403316966
567,0.09916871906609802,-0.15923079466699147,0,-0.05170761880308153
568,0.09867259420203074,-0.09922497281345531,0,-0.04966596375577625
569,0.09847263528469796,-0.039991783466556435,0,-0.048644233774049306
570,0.0985658841850159,0.018649780063588375,0,-0.04861094905551185
571,0.0989502718918282,0.07687754136246104,0,-0.04954679717392732
572,0.09962460527235736,0.1348666761058333,0,-0.05144421191074865
573,0.10058855644946225,0.19279023542097942,-3,-9.054307095930302
574,0.09962716838264536,-0.19227761336337953,0,-0.053324931459791586
575,0.0989684836059505,-0.13173695533897328,0,-0.05070926627650472
576,0.09860813783532311,-0.07206915412547593,0,-0.049137220534386565
577,0.09854268217421766,-0.013091132221089694,0,-0.048570438824727384
578,0.09876956570933093,0.04537670702265393,0,-0.04898304010607118
579,0.09928712081855257,0.10351102184432794,0,-0.050361114966514964
580,0.10009455112862387,0.16148606201425947,0,-0.05270237065069081
581,0.101191922066064,0.2194741874880271,-3,-9.056015917354475
582,0.10036466759095938,-0.1654508950209247,0,-0.05310273236954137
583,0.0998412205584688,-0.10468940649811828,0,-0.05093733379631688
584,0.09961760713542868,-0.04472268460802353,0,-0.049818350108797926
585,0.09969077012365325,0.014632597644914647,0,-0.04971265953061917
586,0.10005855266780231,0.07355650882981053,0,-0.050599625808999835
587,0.1007196846722264,0.13222640088481813,0,-0.05247065651145885
588,0.1016737718665608,0.19081743886688035,-3,-9.05532890892544
589,0.10070580110597087,-0.1935941521179883,0,-0.0544561614554051
590,0.10004376957478706,-0.13240630623676275,0,-0.05179692214679178
591,0.09968327744978685,-0.07209842500004113,0,-0.05020359730440457
592,0.0996208499285873,-0.012485504239909913,0,-0.049637157484083046
593,0.09985391967507935,0.046613949298409764,0,-0.05007131239930546
594,0.100380812003472,0.1053784656785296,0,-0.05149199919525804
595,0.10120073273791927,0.16398414688945237,-3,-9.053897021576566
596,0.10009827233089896,-0.22049208140406054,0,-0.05495999641434355
597,0.09930103350187046,-0.15944776580570003,0,-0.05184583527474093
598,0.0988042229844647,-0.09936210348115146,0,-0.049798655158639016
599,0.09860397241987978,-0.040050112916984536,0,-0.04877411803936838
600,0.09869731967570392,0.01866945116482554,0,-0.04874065939652004
601,0.09908219290936696,0.07697464673260752,0,-0.04967891438260601
602,0.09975739731085596,0.13504088029780165,0,-0.05158129552634038
603,0.10072260446545468,0.19304143091974346,-3,-9.054451714656677
604,0.09976285792337904,-0.19194930841512808,0,-0.05344759280530615
605,0.09910620201910948,-0.13133118085391077,0,-0.050834984299710964
606,0.09874827538630078,-0.07158532656174099,0,-0.049268555356738596
607,0.09868563316316295,-0.012528444627566034,0,-0.04870996715655043
608,0.09891572959093428,0.04601928555426727,0,-0.04913338526682668
609,0.09943690332751942,0.10423474731702895,0,-0.0505249769716567
610,0.10024836541376553,0.16229241724922094,0,-0.05288255671031883
611,0.10135018983591754,0.22036488443040236,-3,-9.056215373127886
612,0.10052782027382953,-0.16447391241760162,0,-0.05323438003163215
613,0.10000970058845794,-0.10362393707431759,0,-0.05108349309244324
614,0.09979186915718156,-0.04356628625527419,0,-0.049981887879227874
615,0.09987128222269326,0.015882613102339203,0,-0.04989659080392009
616,0.10024579762950901,0.07490308136315124,0,-0.05080714687165185
617,0.10091416127253473,0.1336727286051442,0,-0.05270517956397021
618,0.10187599619749141,0.19236698499133592,-3,-9.055594098697622
619,0.10091630793912887,-0.19193765167250665,0,-0.05460451225328107
620,0.1002631139067334,-0.13063880647909368,0,-0.05197010982720119
621,0.09991203596261844,-0.07021558882299164,0,-0.05040509754235374
622,0.09985962250139473,-0.010482692244743047,0,-0.0498707097142751
623,0.10010333094988517,0.048741689698089376,0,-0.05034095956777368
624,0.10064151300933424,0.1076364118898149,0,-0.05180213042049135
625,0.10147340257696456,0.16637791352606424,-3,-9.054252418163662
626,0.10038361993012672,-0.21795652936756893,0,-0.055134860620776265
627,0.0995997996243585,-0.15676406115364402,0,-0.05205809751300016
628,0.09911718214162138,-0.0965234965474224,0,-0.05005275751705076
629,0.09893193486588557,-0.037049455147162846,0,-0.04907490489420929
630,0.0990411334888123,0.021839724585345652,0,-0.04909342797074006
631,0.09944274616487976,0.08032253521349217,0,-0.05008946979037581
632,0.10013562035073122,0.1385748371702914,0,-0.05205601086480616
633,0.10111947226964502,0.19677038378276038,-3,-9.054997596753859
634,0.10017939258813295,-0.18801593630241334,0,-0.05371455272700365
635,0.09954347562379715,-0.12718339286716027,0,-0.051162079238447726
636,0.0992074127290803,-0.06721257894336702,0,-0.049662306778812254
637,0.09916781462665977,-0.007919620484106694,0,-0.04917754932799901
638,0.09942219414451622,0.05087590357128994,0,-0.0496826991989689
639,0.09996895167297633,0.10935150569202119,0,-0.0511647316726806
640,0.10080736328142456,0.16768232168964553,-3,-9.053622358559489
641,0.09972208507856191,-0.21705564057252985,0,-0.05443378637251482
642,0.0989407808291317,-0.15626084988604155,0,-0.05138813587610218
643,0.09845871418604647,-0.09641332861704481,0,-0.049400144989349776
644,0.09827206977825702,-0.0373288815578919,0,-0.0484263430323494
645,0.0983779347121514,0.021172986778875844,0,-0.04843591972805545
646,0.09877428280614552,0.07926961879882366,0,-0.04941016196579315
647,0.09945996149355636,0.13713573748216829,0,-0.051342040750976384
648,0.100434681334966,0.19494396828192617,-3,-9.054235941151232
649,0.0994835217273867,-0.19023192151586021,0,-0.05310367387277875
650,0.09883455966886323,-0.12979241170469302,0,-0.05052595793830249
651,0.09848346358899587,-0.07021921597347107,0,-0.04898803683161827
652,0.09842681566177718,-0.011329585443739756,0,-0.048452026157220024
653,0.09866209450335668,0.04705576831589989,0,-0.04889246899212638
654,0.0991876605770763,0.10511321474392257,0,-0.05029583884514668
655,0.10000274424351559,0.16301673328785743,0,-0.05266018981435439
656,0.10110743639934934,0.22093843116675016,-3,-9.055994947512884
657,0.10028719529484999,-0.16404822089987187,0,-0.052978789578578225
658,0.09977047692356589,-0.10334367425681934,0,-0.05083873182866892
659,0.0995533295753509,-0.04342946964299696,0,-0.04974293903103938
660,0.09963271723093087,0.01587753111599223,0,-0.049658601313527076
661,0.10000650333796227,0.07475722140627925,0,-0.05056536776466803
662,0.10067343729315896,0.13338679103933976,0,-0.0524549084844753
663,0.10163314357042186,0.1919412554525783,-3,-9.055330623914502
664,0.10067062708103393,-0.19250329787758677,0,-0.0543786277538177
665,0.1000139024113256,-0.13134493394166477,0,-0.05173905254492483
666,0.09965858657181802,-0.0710631679015167,0,-0.050164166770682646
667,0.0996012210781951,-0.01147309872458168,0,-0.04961517940077189
668,0.09983925444754228,0.04760667386943509,0,-0.05006602318289653
669,0.10037102743153736,0.10635459679901565,0,-0.05150284576434025
670,0.10119576092368285,0.16494669842909615,-3,-9.053923651476882
671,0.10009806012386228,-0.21954015996411147,0,-0.054917896386508507
672,0.0993055422217176,-0.15850358042893567,0,-0.05182029208062589
673,0.09881342819390247,-0.09842280556302668,0,-0.04978917282264734
674,0.09861786374002007,-0.03911289077647944,0,-0.04878039706571511
675,0.09871590064317877,0.019607380631738378,0,-0.0487625901364935
676,0.0991054808744582,0.0779160462558856,0,-0.04971657272320293
677,0.09978542337601197,0.1359885003107538,0,-0.05163494081332657
678,0.1007554134636556,0.1939980175287252,-3,-9.054521789791668
679,0.0998005084358984,-0.19098100555144043,0,-0.05344808186846307
680,0.09914876645722288,-0.13034839573510204,0,-0.05085145987701611
681,0.09879584009329975,-0.07058527278462584,0,-0.04930131817211228
682,0.098738298555512,-0.01150830755755039,0,-0.04875950212247103
683,0.09897361033864029,0.047062356625656145,0,-0.04920036425844106
684,0.0995001285738624,0.10530364704442119,0,-0.05061026373916134
685,0.10031707903461856,0.16339009215123185,0,-0.05298721395150834
686,0.10142455073896042,0.22149434086837322,-3,-9.056340671766671
687,0.10060800273803487,-0.1633096001851091,0,-0.05327685362594418
688,0.10009589469778092,-0.10242160805078873,0,-0.05114495925631718
689,0.0998842812301258,-0.04232269353102329,0,-0.050063469223066405
690,0.0999701352850199,0.017170810978820505,0,-0.04999962341949294
691,0.1003513319309907,0.07623932919416118,0,-0.05093319263321694
692,0.10102663484873697,0.13506058354925288,0,-0.05285604086716665
693,0.10199568547764312,0.19381012578122847,-3,-9.055771835765805
694,0.10104350840122059,-0.19043541528450642,0,-0.05467551768959592
695,0.10039814086623962,-0.12907350699619485,0,-0.05206493046781614
696,0.10005522533614747,-0.06858310601842968,0,-0.050525604828449755
697,0.10001133162345456,-0.008778742538581491,0,-0.050019038897538885
698,0.10026393944451042,0.05052156421117157,0,-0.05051953060969661
699,0.10081142371841621,0.10949685478115873,0,-0.052013671881366866
700,0.1016530425472219,0.16832376576113758,-3,-9.054499994307537
701,0.1005734414607463,-0.21592021729511987,0,-0.05523723965996799
702,0.09980028150392435,-0.15463199136439004,0,-0.0521915862166444
703,0.09932883083727494,-0.09429013332988304,0,-0.050220146101836616
704,0.09915528578274761,-0.0347090109054655,0,-0.04927932503709533
705,0.09927675230247343,0.024293303945163554,0,-0.049338384200290526
706,0.09969123022989546,0.08289558548440565,0,-0.05037887473303035
707,0.10039760018818528,0.14127399165796556,0,-0.05239422468963099
708,0.1013956131369698,0.19960258975690698,-3,-9.055389471200877
709,0.1004703961344948,-0.18504340049500295,0,-0.05389560850378694
710,0.09985008182810542,-0.12406286127787275,0,-0.05138935356024201
711,0.09953040175752707,-0.06393601411566896,0,-0.04994028576017365
712,0.0995080087910653,-0.004478593292354907,0,-0.04951122484760148
713,0.09978045996587637,0.05449023496221171,0,-0.050077619525632985
714,0.10034620205478577,0.11314841778188121,0,-0.051627057778753774
715,0.10120455979752489,0.17167154854782413,-3,-9.054158926677134
716,0.10014024038043273,-0.21286388341843104,0,-0.054671442003651795
717,0.09938096145487274,-0.15185578511199735,0,-0.05168889544567262
718,0.09892204325017714,-0.09178364093911864,0,-0.04977027687835369
719,0.09875972980320748,-0.03246268939393343,0,-0.04887280377428143
720,0.09889117060788631,0.026288160935765907,0,-0.04896642486152886
721,0.09931440500461966,0.08464687934667112,0,-0.050033264625421105
722,0.10002834924495624,0.1427888480673151,0,-0.05206721877659377
723,0.10103278617294034,0.20088738559681957,-3,-9.055073693578528
724,0.10011287111070871,-0.18398301244632592,0,-0.05349790969702936
725,0.09949676122380229,-0.12322197738128447,0,-0.05101639304110701
726,0.09918020917029718,-0.06331041070102118,0,-0.0495843902656327
727,0.09915988562372985,-0.004064709313467162,0,-0.049165066770736225
728,0.09943336219063192,0.05469531338041609,0,-0.04973412531324514
729,0.09999909704538855,0.11314697095132462,0,-0.05127932075301118
730,0.10085642322052378,0.17146523502704542,-3,-9.053800123206475
731,0.09979005313669048,-0.2132740167666597,0,-0.05433885414789609
732,0.09902770643064622,-0.1524693412088512,0,-0.051357123205437366
733,0.09856470233054633,-0.09260082001997871,0,-0.04943249391438327
734,0.09839728090537378,-0.033484285034510376,0,-0.04852224418228242
735,0.0985225847263185,0.025060764188944387,0,-0.048596302695946426
736,0.09893864326010848,0.0832117067579975,0,-0.049636694464912944
737,0.09964435992972116,0.14114333392253672,0,-0.05163713640009597
738,0.10063950178401374,0.19902837085851416,-3,-9.054602775837331
739,0.09970920536390417,-0.18605928402191518,0,-0.053171433888580845
740,0.09908160577314544,-0.1255199181517448,0,-0.05066134799820711
741,0.0987524305453245,-0.06583504556418837,0,-0.04919363801548957
742,0.09871832211841454,-0.006821685381990551,0,-0.04873118914852035
743,0.09897682069606763,0.05169971553061854,0,-0.049249341234102295
744,0.09952634981831128,0.10990582444872929,0,-0.050735400565559835
745,0.10036620457970442,0.16797095227862757,-3,-9.053188299189614
746,0.09928105607918458,-0.21702970010396838,0,-0.05399382955371281
747,0.09849857882378227,-0.1564954510804616,0,-0.05095893277241196
748,0.09801404331829591,-0.09690710109726972,0,-0.048972862062311585
749,0.09782363720237185,-0.038081223184813294,0,-0.0479923379334315
750,0.09792444679053983,0.020161917633594865,0,-0.04798663668843271
751,0.09831444133502087,0.07799890889620913,0,-0.048937029853986215
752,0.0989924599465524,0.13560372230630402,0,-0.05083637258168142
753,0.09995820111459014,0.19314823360754896,-3,-9.053688833864896
754,0.09899672841434715,-0.19229454004859903,0,-0.052699480196970266
755,0.0983360989389897,-0.13212589507148853,0,-0.05009566698753806
756,0.0979719574140198,-0.07282830499398071,0,-0.048522918398502174
757,0.0979008584713686,-0.014219788530238642,0,-0.0479431106857392
758,0.09812024929852409,0.04387816543109611,0,-0.048330445952182444
759,0.09862845498501442,0.10164113729806706,0,-0.04967095274277953
760,0.09942466650396617,0.159242303790349,0,-0.05196213267877025
761,0.10050893127252113,0.2168529537109917,-3,-9.05521274668104
762,0.09966665988092992,-0.1684542783182428,0,-0.052504899847476826
763,0.09912625597234656,-0.10808078171667174,0,-0.050298218653124546
764,0.09888371106699712,-0.04850898106988927,0,-0.04912525369635073
765,0.09893592782848483,0.010443352297542147,0,-0.048952495437136846
766,0.09928070370057011,0.06895517441705681,0,-0.04975877224429065
767,0.09991671723881597,0.1272027076491721,0,-0.051534804802235594
768,0.10084351707685354,0.18535996760751633,-3,-9.054282906441294
769,0.09984602711315853,-0.19949799273900387,0,-0.053826090562097105
770,0.0991521750152457,-0.1387704195825647,0,-0.05108149198638168
771,0.09875748527164527,-0.07893794872008744,0,-0.049388324460709676
772,0.09865840105079628,-0.01981684416979921,0,-0.04870667122078381
773,0.09885226646149195,0.03877308213913357,0,-0.049009188112725824
774,0.0993373115361892,0.09700901493944986,0,-0.05028058221414178
775,0.10011263987390491,0.15506566754314144,0,-0.052517239437670886
776,0.10117821888550536,0.21311580232009175,-3,-9.05572699440407
777,0.1003193862302524,-0.1717665310505942,0,-0.05327027038698825
778,0.09976447985761604,-0.11098127452727305,0,-0.050996441535873176
779,0.0995094321294399,-0.05100954563522788,0,-0.04977083278820926
780,0.09955109286601543,0.008332147315106113,0,-0.04955904292197821
781,0.09988721278113355,0.06722398302362362,0,-0.05033918277527329
782,0.10051642962993011,0.12584336975931198,0,-0.052101418498981346
783,0.10143825700871348,0.18436547575667456,-3,-9.054847662789928
784,0.1004375893921089,-0.20013352332091672,0,-0.05444388953017371
785,0.09974233089680591,-0.1390516990605966,0,-0.051676200364803485
786,0.09934798782027845,-0.07886861530549147,0,-0.04997213926771154
787,0.09925099040649707,-0.01939948275627748,0,-0.049291429476473976
788,0.09944867502787569,0.039536924275723584,0,-0.04960651166211856
789,0.09993926910449043,0.09811881532294714,0,-0.05090201773773663
790,0.10072187869702048,0.15652191850601233,0,-0.05317439533856683
791,0.10179647871594875,0.2149200037856548,-3,-9.056431676197555
792,0.10094841933561993,-0.169611876065765,0,-0.053829735682055666
793,0.10040605644673839,-0.10847257777630726,0,-0.05158351086887178
794,0.1001653453797179,-0.04814221340409905,0,-0.05039724934633545
795,0.1002231639774976,0.011563719555940488,0,-0.0502367849492987
796,0.10057729607049434,0.07082641859934719,0,-0.05108060058142039
797,0.10122641767747212,0.1298243213955554,0,-0.05291937362165184
798,0.10217008587147988,0.18873363880155175,-3,-9.055755670876456
799,0.10119324389615156,-0.19536839506566372,0,-0.055017244030183404
